Estimate	Std. Error	t value	Pr
hsa.mir.182	-0.638379276311446	0.337046606247295	-1.89403858243587	0.0848013952504039
hsa.mir.183	0.715579091419641	0.341777303645821	2.09369985597752	0.0602537692154497
hsa.mir.383	0.222599276827085	0.0997577703929565	2.23139787457401	0.0474101841508856
HIST2H2BF	0.223063884004331	0.120115712016653	1.85707498427354	0.0902573800153156
GACAT3	0.273088154275141	0.124153292829149	2.19960460211833	0.0501207117455985
AC009312.1	0.323209692320633	0.125619405651193	2.5729280491749	0.0259148403326289
LINC00877	0.483354940201199	0.19309324630128	2.50322033245548	0.0293379556266102
MAGI2-AS3	0.382111637978817	0.157053396263523	2.43300461543452	0.0332322640890666
USP3-AS1	0.225401407991806	0.122451390371746	1.84074192467327	0.0927692806935608
TMEM220-AS1	0.269085358999686	0.137799525026944	1.95273067122018	0.0767596906483833
